9.337438473773584935e-01
8.492295500181317180e-01
6.209045576313181325e-01
4.368125676946340574e-01
3.205345615154472916e-01
2.329436150475713840e-01
1.765515891149929961e-01
1.570008395795979561e-01
1.429250310848127203e-01
1.407340646578358889e-01
1.215047145437720133e-01
9.762082200175985214e-02
6.701111383814169209e-02
3.829425018285129156e-02
3.827016322780124602e-02
3.824828220249507776e-02
3.822830553787359698e-02
3.820998214458055237e-02
3.819309133635170883e-02
3.817743434053220974e-02
3.816283138392833479e-02
3.814912147074105142e-02
3.813616323066138653e-02
3.812383585093419291e-02
3.811203958770104094e-02
3.810069564860223135e-02
3.808974532510460420e-02
3.807914823181574732e-02
3.806887952841356976e-02
3.805892615493525893e-02
3.804928239176118276e-02
3.803994533567889302e-02
3.803091099176596906e-02
3.802217152342177858e-02
3.801371384237765827e-02
3.800551933370277524e-02
3.799756426027333517e-02
3.798982032877989273e-02
3.798225496901803944e-02
3.797483098205618746e-02
3.796750526932718417e-02
3.796022631463293051e-02
3.795292992207239396e-02
3.794553237469409923e-02
3.793791960926190532e-02
3.792993015048960748e-02
3.792132858410368623e-02
3.791176655420162162e-02
3.790073521631295850e-02
3.788754561323103009e-02
3.787147418996938963e-02
3.785236689286206047e-02
3.783169357528429894e-02
3.781248457768022347e-02
3.779692237135418020e-02
3.778497231737050488e-02
3.777561750917575456e-02
3.776795189562179300e-02
3.776138405962706224e-02
3.775555284270684653e-02
3.775023566015073967e-02
3.774529067976386404e-02
3.774062387813163777e-02
3.773617042014767997e-02
3.773188391205979653e-02
3.772773001096511869e-02
3.772368250296775222e-02
3.771972082166577533e-02
3.771582843249325634e-02
3.771199175278962951e-02
3.770819941243457041e-02
3.770444173649581399e-02
3.770071037600841724e-02
3.769699803973203950e-02
3.769329829612144689e-02
3.768960542502807626e-02
3.768591430524216579e-02
3.768222032829651041e-02
3.767851933182297247e-02
3.767480754769481077e-02
3.767108156151783432e-02
3.766733828095312347e-02
3.766357491099346644e-02
3.765978893476046307e-02
3.765597809869706408e-02
3.765214040124097855e-02
3.764827408420696325e-02
3.764437762619963351e-02
3.764044973744019862e-02
3.763648935543136009e-02
3.763249564091486477e-02
3.762846797360403645e-02
3.762440594720470322e-02
3.762030936327969560e-02
3.761617822356681101e-02
3.761201272043327576e-02
3.760781322524153064e-02
3.760358027451378427e-02
3.759931455391428423e-02
3.759501688021762295e-02
3.759068818159305714e-02
3.758632947670421248e-02
3.758194185329300635e-02
3.757752644707530731e-02
3.757308442191544667e-02
3.756861695235191867e-02
3.756412520960712015e-02
3.755961035221513922e-02
3.755507352233283802e-02
3.755051584865076730e-02
3.754593845658631829e-02
3.754134248612026742e-02
3.753672911723218708e-02
3.753209960240927456e-02
3.752745530515921857e-02
3.752279774286786107e-02
3.751812863173002721e-02
3.751344993087082913e-02
3.750876388220118762e-02
3.750407304205421316e-02
3.749938030028279051e-02
3.749468888232972835e-02
3.749000232988973502e-02
3.748532445625795545e-02
3.748065927339093439e-02
3.747601088916420464e-02
3.747138337532253394e-02
3.746678060913861963e-02
3.746220609467564022e-02
3.745766277252255555e-02
3.745315282955777314e-02
3.744867752224032703e-02
3.744423702766329354e-02
3.743983033576763625e-02
3.743545519353958656e-02
3.743110810782848685e-02
3.742678440806632839e-02
3.742247836435461106e-02
3.741818335095532105e-02
3.741389204098862636e-02
3.740959661569157046e-02
3.740528897118564761e-02
3.740096090722806049e-02
3.739660428547729454e-02
3.739221114882130409e-02
3.738777379771879295e-02
3.738328482381975126e-02
3.737873710505274644e-02
3.737412376973420214e-02
3.736943813999799718e-02
3.736467366689282671e-02
3.735982387071080935e-02
3.735488230022285944e-02
3.734984252309150876e-02
3.734469815626446226e-02
3.733944293904396111e-02
3.733407084235951245e-02
3.732857619564168561e-02
3.732295379871370528e-02
3.731719897291576465e-02
3.731130749756671888e-02
3.730527538014653116e-02
3.729909842555699517e-02
3.729277160183734618e-02
3.728628824067894976e-02
3.727963914873477780e-02
3.727281172600249715e-02
3.726578918159093035e-02
3.725854990664419913e-02
3.725106702194618674e-02
3.724330808470623783e-02
3.723523494256816835e-02
3.722680380038455306e-02
3.721796577029486824e-02
3.720866857063665628e-02
3.719886063846432334e-02
3.718849951921374825e-02
3.717756624713637603e-02
3.716608500670495752e-02
3.715414128676991501e-02
3.714188430492602888e-02
3.712950015771391415e-02
3.711715981672109727e-02
3.710496916687572311e-02
3.709294891360800234e-02
3.708104749240701686e-02
3.706916996820614624e-02
3.705720777381444481e-02
3.704506661725170263e-02
3.703269726521507543e-02
3.702012960319159968e-02
3.700749569698291719e-02
3.699501642877332797e-02
3.698294230196821908e-02
3.697147849133866626e-02
3.696073954675493933e-02
3.695074932165003101e-02
3.694146817387372606e-02
3.693282405336673763e-02
3.692473543937007524e-02
3.691712434903493545e-02
3.690992198559919085e-02
3.690307010915022667e-02
3.689652036813798747e-02
3.689023288861630057e-02
3.688417475986481564e-02
3.687831867949574460e-02
3.687264183443969556e-02
3.686712501291594668e-02
3.686175191357244502e-02
3.685650861249076260e-02
3.685138315238054713e-02
3.684636522454901031e-02
3.684144592048749223e-02
3.683661753529763466e-02
3.683187340955640376e-02
3.682720779971694613e-02
3.682261576993062918e-02
3.681809310037911093e-02
3.681363620888573884e-02
3.680924208374514173e-02
3.680490822636533349e-02
3.680063260247862233e-02
3.679641360042242709e-02
3.679224999446810418e-02
3.678814091059889879e-02
3.678408579174954202e-02
3.678008435954296246e-02
3.677613657013427406e-02
3.677224256291192900e-02
3.676840260237184549e-02
3.676461701519843916e-02
3.676088612610627082e-02
3.675721019697521241e-02
3.675358937401615456e-02
3.675002364706955044e-02
3.674651282379690076e-02
3.674305651976058490e-02
3.673965416355571417e-02
3.673630501459167197e-02
3.673300819005380358e-02
3.672976269710395009e-02
3.672656746647263298e-02
3.672342138413250273e-02
3.672032331855677040e-02
3.671727214199087957e-02
3.671426674506272914e-02
3.671130604482737703e-02
3.670838898693254415e-02
3.670551454298091876e-02
3.670268170436281202e-02
3.669988947386426670e-02
3.669713685625761862e-02
3.669442284889461864e-02
3.669174643308561329e-02
3.668910656679612997e-02
3.668650217895207122e-02
3.668393216543483493e-02
3.668139538667861826e-02
3.667889066665792897e-02
3.667641679297116430e-02
3.667397251768132749e-02
3.667155655855901253e-02
3.666916760037836065e-02
3.666680429593541235e-02
3.666446526648228094e-02
3.666214910129612925e-02
3.665985435612025695e-02
3.665757955022559689e-02
3.665532316183758854e-02
3.665308362165498046e-02
3.665085930414839488e-02
3.664864851626433578e-02
3.664644948307022032e-02
3.664426032974926056e-02
3.664207905918345082e-02
3.663990352413405011e-02
3.663773139272465812e-02
3.663556010552740383e-02
3.663338682201461999e-02
3.663120835342094372e-02
3.662902107810332708e-02
3.662682083420907425e-02
3.662460278276399167e-02
3.662236123205407645e-02
3.662008941127270489e-02
3.661777917776143365e-02
3.661542063786192569e-02
3.661300165691074721e-02
3.661050723069461665e-02
3.660791869224398754e-02
3.660521274176634782e-02
3.660236032883418256e-02
3.659932551119417232e-02
3.659606460218210039e-02
3.659252622960170592e-02
3.658865330845868097e-02
3.658438805120488302e-02
3.657968017945279621e-02
3.657449544572181216e-02
3.656881712362104048e-02
3.656263233866937495e-02
3.655590442414787672e-02
3.654854867449743028e-02
3.654043853781720891e-02
3.653146655543422494e-02
3.652166665561767944e-02
3.651134779980987760e-02
3.650110330664150388e-02
3.649159470371728109e-02
3.648324888521919246e-02
3.647613810797999817e-02
3.647009249035172013e-02
3.646486890350231214e-02
3.646024885900885082e-02
3.645606580802777247e-02
3.645220068221419890e-02
3.644857001791834694e-02
3.644511529860982452e-02
3.644179516634375032e-02
3.643858009465110459e-02
3.643544880345465919e-02
3.643238583167703742e-02
3.642937986695474889e-02
3.642642257392448429e-02
3.642350775775682337e-02
3.642063075992282850e-02
3.641778802026507389e-02
3.641497676177094661e-02
3.641219476769944063e-02
3.640944022861884038e-02
3.640671164185644432e-02
3.640400774928478911e-02
3.640132750206503953e-02
3.639867004329597200e-02
3.639603470159108456e-02
3.639342099042366246e-02
3.639082860960708710e-02
3.638825744649964999e-02
3.638570757544874745e-02
3.638317925465328617e-02
3.638067292007398507e-02
3.637818917630997184e-02
3.637572878453411429e-02
3.637329264767871773e-02
3.637088179311543518e-02
3.636849735310111742e-02
3.636614054327514528e-02
3.636381263950224513e-02
3.636151495336041595e-02
3.635924880657851604e-02
3.635701550473537103e-02
3.635481631054598289e-02
3.635265241708681566e-02
3.635052492135872754e-02
3.634843479865733362e-02
3.634638287831651327e-02
3.634436982150257567e-02
3.634239610184401836e-02
3.634046198975770386e-02
3.633856754134167505e-02
3.633671259262125780e-02
3.633489675974056060e-02
3.633311944539123484e-02
3.633137985139203718e-02
3.632967699692069702e-02
3.632800974151229045e-02
3.632637681162682181e-02
3.632477682939576347e-02
3.632320834209945559e-02
3.632166985100306750e-02
3.632015983836360540e-02
3.631867679168044455e-02
3.631721922455704438e-02
3.631578569383595717e-02
3.631437481293538910e-02
3.631298526153366873e-02
3.631161579191128502e-02
3.631026523236668274e-02
3.630893248817822216e-02
3.630761654059910110e-02
3.630631644435380195e-02
3.630503132406553979e-02
3.630376036998998052e-02
3.630250283337183026e-02
3.630125802167987609e-02
3.630002529391827132e-02
3.629880405616031647e-02
3.629759375740403138e-02
3.629639388581145515e-02
3.629520396536124738e-02
3.629402355291957288e-02
3.629285223571527413e-02
3.629168962919157582e-02
3.629053537519674050e-02
3.628938914047071668e-02
3.628825061538122621e-02
3.628711951286228699e-02
3.628599556750886773e-02
3.628487853478375852e-02
3.628376819029618949e-02
3.628266432911536610e-02
3.628156676508727252e-02
3.628047533012800085e-02
3.627938987347238686e-02
3.627831026086245081e-02
3.627723637366606774e-02
3.627616810792202301e-02
3.627510537331333357e-02
3.627404809207575298e-02
3.627299619785347151e-02
3.627194963451746412e-02
3.627090835496557530e-02
3.626987231992481742e-02
3.626884149677750413e-02
3.626781585843261851e-02
3.626679538226172672e-02
3.626578004911674979e-02
3.626476984244306201e-02
3.626376474749734569e-02
3.626276475067520544e-02
3.626176983894867367e-02
3.626077999940936075e-02
3.625979521890905499e-02
3.625881548378591390e-02
3.625784077966190400e-02
3.625687109129552971e-02
3.625590640247287194e-02
3.625494669592054658e-02
3.625399195322496354e-02
3.625304215474424441e-02
3.625209727950170352e-02
3.625115730505234363e-02
3.625022220731743960e-02
3.624929196038489260e-02
3.624836653627657584e-02
3.624744590468635674e-02
3.624653003269489443e-02
3.624561888446931751e-02
3.624471242095683027e-02
3.624381059958239892e-02
3.624291337396042673e-02
3.624202069362980616e-02
3.624113250382126478e-02
3.624024874526394352e-02
3.623936935403697379e-02
3.623849426146978636e-02
3.623762339409306033e-02
3.623675667364028435e-02
3.623589401709832042e-02
3.623503533680343808e-02
3.623418054057860049e-02
3.623332953190587513e-02
3.623248221012802250e-02
3.623163847067206733e-02
3.623079820528810058e-02
3.622996130229607509e-02
3.622912764683413472e-02
3.622829712110221118e-02
3.622746960459505283e-02
3.622664497431994646e-02
3.622582310499469771e-02
3.622500386922235943e-02
3.622418713763988357e-02
3.622337277903855957e-02
3.622256066045468487e-02
3.622175064722934351e-02
3.622094260303710539e-02
3.622013638988304252e-02
3.621933186806871457e-02
3.621852889612708903e-02
3.621772733072733258e-02
3.621692702654980001e-02
3.621612783613216424e-02
3.621532960968708303e-02
3.621453219489211700e-02
3.621373543665237088e-02
3.621293917683600372e-02
3.621214325398294798e-02
3.621134750298660859e-02
3.621055175474838239e-02
3.620975583580449131e-02
3.620895956792440779e-02
3.620816276768001191e-02
3.620736524598428679e-02
3.620656680759821999e-02
3.620576725060447448e-02
3.620496636584592115e-02
3.620416393632731183e-02
3.620335973657804601e-02
3.620255353197390780e-02
3.620174507801562913e-02
3.620093411956223223e-02
3.620012039001704179e-02
3.619930361046459072e-02
3.619848348875684407e-02
3.619765971854772141e-02
3.619683197827560511e-02
3.619599993009410543e-02
3.619516321875297649e-02
3.619432147043233350e-02
3.619347429153542406e-02
3.619262126744766245e-02
3.619176196127296685e-02
3.619089591256233890e-02
3.619002263605453074e-02
3.618914162045489685e-02
3.618825232728577895e-02
3.618735418985055685e-02
3.618644661236457283e-02
3.618552896931822443e-02
3.618460060515248794e-02
3.618366083434385733e-02
3.618270894201456450e-02
3.618174418520472835e-02
3.618076579496540962e-02
3.617977297945360743e-02
3.617876492823206974e-02
3.617774081799461638e-02
3.617669981994944134e-02
3.617564110909420733e-02
3.617456387560241682e-02
3.617346733850489160e-02
3.617235076178552944e-02
3.617121347291120392e-02
3.617005488367425886e-02
3.616887451304004464e-02
3.616767201146145472e-02
3.616644718585467627e-02
3.616520002414141954e-02
3.616393071797884690e-02
3.616263968205495755e-02
3.616132756816921312e-02
3.615999527229131483e-02
3.615864393293796025e-02
3.615727491955243039e-02
3.615588981011631092e-02
3.615449035793342342e-02
3.615307844833524908e-02
3.615165604686961659e-02
3.615022514123898689e-02
3.614878767974530338e-02
3.614734550919358053e-02
3.614590031506741130e-02
3.614445356632365464e-02
3.614300646641756265e-02
3.614155991124937822e-02
3.614011445371907022e-02
3.613867027357847012e-02
3.613722715034109467e-02
3.613578443617213032e-02
3.613434102491339117e-02
3.613289531263318838e-02
3.613144514423173581e-02
3.612998773954763376e-02
3.612851959096053528e-02
3.612703632253586039e-02
3.612553249823795970e-02
3.612400136376026777e-02
3.612243450366427189e-02
3.612082139445735307e-02
3.611914883907918483e-02
3.611740028824479698e-02
3.611555510854352891e-02
3.611358798318490410e-02
3.611146889000946963e-02
3.610916456290259868e-02
3.610664298517159837e-02
3.610388286362431476e-02
3.610088884572164314e-02
3.609770838069765314e-02
3.609443815340481615e-02
3.609120616899937073e-02
3.608813183771268640e-02
3.608528957757568822e-02
3.608269956608133044e-02
3.608034295361080973e-02
3.607818322800242228e-02
3.607618137899828298e-02
3.607430307678576725e-02
3.607252066036294863e-02
3.607081273771961527e-02
3.606916302761784682e-02
3.606755916158622260e-02
3.606599168571995861e-02
3.606445329868052108e-02
3.606293829298475723e-02
3.606144215249657697e-02
3.605996126392383566e-02
3.605849270953922353e-02
3.605703411720208307e-02
3.605558355073425203e-02
3.605413942880125733e-02
3.605270046404275563e-02
3.605126561668512558e-02
3.604983405858157297e-02
3.604840514480388280e-02
3.604697839072677074e-02
3.604555345311755143e-02
3.604413011415032869e-02
3.604270826755965468e-02
3.604128790636874219e-02
3.603986911179528352e-02
3.603845204307020572e-02
3.603703692800826891e-02
3.603562405425121684e-02
3.603421376116323904e-02
3.603280643239688968e-02
3.603140248915984167e-02
3.603000238420041995e-02
3.602860659648813441e-02
3.602721562649784104e-02
3.602582999191591279e-02
3.602445022348353676e-02
3.602307686058996150e-02
3.602171044614520951e-02
3.602035152021845071e-02
3.601900061194286684e-02
3.601765822927555094e-02
3.601632484636276693e-02
3.601500088848692133e-02
3.601368671483412554e-02
3.601238259958175481e-02
3.601108871201678940e-02
3.600980509651419831e-02
3.600853165319833904e-02
3.600726811996340926e-02
3.600601405625108997e-02
3.600476882859773853e-02
3.600353159750718096e-02
3.600230130471371304e-02
3.600107665939567686e-02
3.599985612138945079e-02
3.599863787890852235e-02
3.599741981763901477e-02
3.599619947726356850e-02
3.599497399031677258e-02
3.599373999658488088e-02
3.599249352371521049e-02
3.599122982081568584e-02
3.598994312585029887e-02
3.598862633837315861e-02
3.598727055465095193e-02
3.598586439934519515e-02
3.598439305155736595e-02
3.598283680513941069e-02
3.598116891193604838e-02
3.597935231796688116e-02
3.597733471203759525e-02
3.597504111952765093e-02
3.597236338382200915e-02
3.596914735691233295e-02
3.596518466322147500e-02
3.596023338371544947e-02
3.595412383573958620e-02
3.594700030617602182e-02
3.593954258019999709e-02
3.593271122632134273e-02
3.592707012644431874e-02
3.592257051882628144e-02
3.591890075350104294e-02
3.591577392265547786e-02
3.591299548937470359e-02
3.591044439244060055e-02
3.590804569931316942e-02
3.590575175323155316e-02
3.590353099870662035e-02
3.590136156842355097e-02
3.589922756665278603e-02
3.589711685835324934e-02
3.589501971420353682e-02
3.589292796013325570e-02
3.589083443927337108e-02
3.588873267903506387e-02
3.588661670143381693e-02
3.588448093927260052e-02
3.588232023394610087e-02
3.588012989727377977e-02
3.587790582230531572e-02
3.587564462767674212e-02
3.587334381765083791e-02
3.587100193641246104e-02
3.586861869189997276e-02
3.586619502327321324e-02
3.586373308894981460e-02
3.586123616023279004e-02
3.585870841865444053e-02
3.585615467104934923e-02
3.585358001122219973e-02
3.585098946681397614e-02
3.584838767199028525e-02
3.584577860091353596e-02
3.584316538613048497e-02
3.584055023363311165e-02
3.583793443545927465e-02
3.583531847264644077e-02
3.583270219578926774e-02
3.583008506607780058e-02
3.582746643521879382e-02
3.582484583758616808e-02
3.582222326306582633e-02
3.581959937637931024e-02
3.581697565096756547e-02
3.581435439515629621e-02
3.581173866565212638e-02
3.580913208546365745e-02
3.580653860395604376e-02
3.580396224877525208e-02
3.580140691804503672e-02
3.579887624675821139e-02
3.579637355885386535e-02
3.579390189367875896e-02
3.579146407893910725e-02
3.578906281522951927e-02
3.578670073976386590e-02
3.578438044671667512e-02
3.578210445527884448e-02
3.577987513063084907e-02
3.577769457438029904e-02
3.577556450726826487e-02
3.577348616714375040e-02
3.577146024001064128e-02
3.576948683345335112e-02
3.576756549266416757e-02
3.576569525199711774e-02
3.576387471078108088e-02
3.576210212115638054e-02
3.576037547718920878e-02
3.575869259734781869e-02
3.575705119556216866e-02
3.575544893883917524e-02
3.575388349143561462e-02
3.575235254685692199e-02
3.575085384956811635e-02
3.574938520845640649e-02
3.574794450394919165e-02
3.574652969040875705e-02
3.574513879509487457e-02
3.574376991466701042e-02
3.574242120992008470e-02
3.574109089922095778e-02
3.573977725093602925e-02
3.573847857500546399e-02
3.573719321371742613e-02
3.573591953165584922e-02
3.573465590472918452e-02
3.573340070812723590e-02
3.573215230299162104e-02
3.573090902151682124e-02
3.572966915011684119e-02
3.572843091019028972e-02
3.572719243588767107e-02
3.572595174811717816e-02
3.572470672380952811e-02
3.572345505917971092e-02
3.572219422535553857e-02
3.572092141426157913e-02
3.571963347202212341e-02
3.571832681634153073e-02
3.571699733330378768e-02
3.571564024779243923e-02
3.571424996031888344e-02
3.571281984166244788e-02
3.571134197591216419e-02
3.570980684352006301e-02
3.570820294155631347e-02
3.570651635404272634e-02
3.570473032162500143e-02
3.570282493538023960e-02
3.570077722131782122e-02
3.569856211445202737e-02
3.569615511572315353e-02
3.569353756760769436e-02
3.569070487250347590e-02
3.568767569354660413e-02
3.568449628867394197e-02
3.568123232836219183e-02
3.567794709242877449e-02
3.567467784579965440e-02
3.567142589078492465e-02
3.566816310574592169e-02
3.566484490635283416e-02
3.566141992748734363e-02
3.565783385269182676e-02
3.565402923934487406e-02
3.564994376071063675e-02
3.564550853385031054e-02
3.564064769257467569e-02
3.563528038904668904e-02
3.562932670829458554e-02
3.562271898071967674e-02
3.561541870835582824e-02
3.560743577790115300e-02
3.559884143488174779e-02
3.558976401548925167e-02
3.558036272788106524e-02
3.557078857733105698e-02
3.556115049022198771e-02
3.555149968034504449e-02
3.554183318965285776e-02
3.553210998675283144e-02
3.552227196428214828e-02
3.551226311179479789e-02
3.550204065046527746e-02
3.549157395092499001e-02
3.548083387599419020e-02
3.546978493433148444e-02
3.545839561766929438e-02
3.544667058460888170e-02
3.543468769802616408e-02
3.542261182071008291e-02
3.541067131936286028e-02
3.539910948157336257e-02
3.538813116236984996e-02
3.537786094144753507e-02
3.536832985472448954e-02
3.535949489331403212e-02
3.535127298314114791e-02
3.534356881754600194e-02
3.533628995381154353e-02
3.532935270963810659e-02
3.532268419863193731e-02
3.531622417692046462e-02
3.530992829876079125e-02
3.530377243234694012e-02
3.529775591838465315e-02
3.529190066802413012e-02
3.528624392272067256e-02
3.528082572921356630e-02
3.527567578949594024e-02
3.527080504824799123e-02
3.526620430709454662e-02
3.526184819064794029e-02
3.525770105541199684e-02
3.525372217126829244e-02
3.524986906901725336e-02
3.524609906518400004e-02
3.524236940583286293e-02
3.523863647948713429e-02
3.523485441415808578e-02
3.523097324763069249e-02
3.522693680924654513e-02
3.522268051945832978e-02
3.521812956824724172e-02
3.521319848336667419e-02
3.520779403993513912e-02
3.520182462861249501e-02
3.519521954468426278e-02
3.518795854999570011e-02
3.518010255553125076e-02
3.517180381890169100e-02
3.516327509687659086e-02
3.515472510171771536e-02
3.514629917229843137e-02
3.513805887379893578e-02
3.512999974596926062e-02
3.512208501637043012e-02
3.511427648836532023e-02
3.510655420605422045e-02
3.509892272528977730e-02
3.509140542254488015e-02
3.508403193889372135e-02
3.507682599205173141e-02
3.506979897857097350e-02
3.506295032535645950e-02
3.505627208076839835e-02
3.504975445453613336e-02
3.504338995352120761e-02
3.503717505033199231e-02
3.503110943857019877e-02
3.502519377353001395e-02
3.501942718722541453e-02
3.501380565159072783e-02
3.500832162684023446e-02
3.500296481535279669e-02
3.499772357998193889e-02
3.499258669309308900e-02
3.498754533498832364e-02
3.498259538842531796e-02
3.497773990872880129e-02
3.497299120036993086e-02
3.496837145092967364e-02
3.496391081386471950e-02
3.495964259097020244e-02
3.495559660643023786e-02
3.495179307209994590e-02
3.494823916601682429e-02
3.494492912705898791e-02
3.494184701804371740e-02
3.493897054234757632e-02
3.493627455714792135e-02
3.493373362462757342e-02
3.493132352803091784e-02
3.492902196818740285e-02
3.492680871546506582e-02
3.492466544362276409e-02
3.492257539832540475e-02
3.492052299019741957e-02
3.491849335876830857e-02
3.491647192717377973e-02
3.491444395345903035e-02
3.491239407931419347e-02
3.491030587956419490e-02
3.490816142634754066e-02
3.490594090332471700e-02
3.490362234193728624e-02
3.490118160877086345e-02
3.489859285238650077e-02
3.489582970939388712e-02
3.489286763394693069e-02
3.488968766202554805e-02
3.488628160255559385e-02
3.488265791241291353e-02
3.487884641127420721e-02
3.487489908547341394e-02
3.487088464609693766e-02
3.486687708227535765e-02
3.486294213014728277e-02
3.485912731354103705e-02
3.485545903885136493e-02
3.485194599969507201e-02
3.484858544729110136e-02
3.484536902871628039e-02
3.484228656380429501e-02
3.483932767797159880e-02
3.483648199125669725e-02
3.483373869162680048e-02
3.483108609739884315e-02
3.482851149395898432e-02
3.482600127286150649e-02
3.482354127003434163e-02
3.482111718048726268e-02
3.481871496888491041e-02
3.481632125026790786e-02
3.481392365554758506e-02
3.481151121360361728e-02
3.480907477681338680e-02
3.480660749293392614e-02
3.480410528757944127e-02
3.480156727599466315e-02
3.479899598617214318e-02
3.479639727106580843e-02
3.479377983697071186e-02
3.479115441774316420e-02
3.478853274335379220e-02
3.478592652323756612e-02
3.478334664277445837e-02
3.478080266520391234e-02
3.477830260692592323e-02
3.477585288271579922e-02
3.477345832439156237e-02
3.477112223304424515e-02
3.476884648013151696e-02
3.476663169191512859e-02
3.476447753249634065e-02
3.476238306353111873e-02
3.476034712735207727e-02
3.475836868806912727e-02
3.475644707323780752e-02
3.475458208072808308e-02
3.475277394385357238e-02
3.475102317593392609e-02
3.474933033757407475e-02
3.474769578140739223e-02
3.474611942736909043e-02
3.474460060784582277e-02
3.474313800114464668e-02
3.474172965043574590e-02
3.474037304952826838e-02
3.473906526936968581e-02
3.473780309947913786e-02
3.473658318394518690e-02
3.473540213899469625e-02
3.473425664606346469e-02
3.473314351952034446e-02
3.473205975143796309e-02
3.473100253736042392e-02
3.472996928739927741e-02
3.472895762667783937e-02
3.472796538851045250e-02
3.472699060298434226e-02
3.472603148293954001e-02
3.472508640877314257e-02
3.472415391304392585e-02
3.472323266551293613e-02
3.472232145900775585e-02
3.472141919632392576e-02
3.472052487825782324e-02
3.471963759278716422e-02
3.471875650536589836e-02
3.471788085027128351e-02
3.471700992292568733e-02
3.471614307310953024e-02
3.471527969898157567e-02
3.471441924182590982e-02
3.471356118145082353e-02
3.471270503217101927e-02
3.471185033931133146e-02
3.471099667617739276e-02
3.471014364144490993e-02
