2.209119852482294422e-01 1.903775716706808396e-01 -1.124468264935636480e-01 1.284113036001143307e-02 6.921284940755106918e-01 5.916051685648818781e-01 2.532803918417333988e-01 5.467949073981034358e-01 7.179744628135756868e-01 2.171008724126836237e-02
-5.208359659280238640e-02 4.579682291181018106e-01 -3.836429831337409002e-01 9.395980405567683560e-03 1.659495281003426359e-01 1.828138015566192071e-02 2.443093267004330105e-01 4.255979526044622596e-01 -4.941670793127552613e-02 -1.213981214673019856e-03
6.511206935004365537e-01 9.105063792526643107e-01 -4.712049996623324799e-01 1.683030281240288084e-01 2.445436074321080400e-01 9.280055956727564781e-02 -2.189487274101452052e-01 8.485451322481757375e-01 4.278076070265974806e-01 -1.427324327225323042e-01
7.581189342324726743e-01 2.117012148688048045e-01 2.018765452648826619e-01 5.276700641221865329e-01 8.115383743465445221e-01 1.996417243126268892e-01 -3.104258601030063236e-01 9.363159221760453121e-01 5.404137657377892090e-01 -1.399725933641180198e-01
6.234585593117349944e-01 8.385953744081503514e-01 1.796011154432459733e-01 6.776042112167827147e-01 6.563684129082837382e-01 -2.481093798476033951e-01 -1.254381300089895679e-01 5.741491837271496257e-01 4.991263802557237006e-01 -4.341812671409284730e-01
9.749377432312502645e-01 6.466252749673933042e-01 5.075243475449461861e-02 2.433956433937729119e-02 4.557661706576292548e-01 -2.247882700364447484e-01 3.404891159909275711e-01 7.685993089235292341e-01 3.330247539408985324e-01 -3.342910563236489163e-01
6.985134988308784321e-01 1.017721169586331298e+00 6.781941202468976249e-01 9.037915882099968601e-02 5.709740711729585083e-01 -2.264773425880143853e-01 5.501030537455593450e-01 9.359741615361527600e-01 1.049372374900983784e+00 -3.336587916256203434e-01
7.697926707332296559e-01 8.305806399741905155e-01 4.275207044198989226e-01 7.532927507502999998e-01 6.636085669040245882e-01 9.006536698318548528e-02 4.568521797146675167e-01 9.447829004862340341e-01 6.705888610650350135e-01 1.945924209268259375e-01
9.927190664505687323e-01 5.216098967019904276e-01 -3.262518614753072144e-01 3.211355840988258659e-01 1.356950190055860039e-01 -4.470542608005573237e-01 2.111581154386522538e-02 9.004070452181257567e-01 5.844358725707350377e-01 -5.162542286336187225e-02
7.289803667616098215e-01 4.968825299482804714e-01 -9.425946998736348115e-02 6.655597528662469120e-01 -2.281437648994013440e-02 2.292064839296203416e-01 6.520953186793945200e-01 1.749214559282340764e-01 1.445297952495722682e-01 -9.694186194014514646e-02
6.631284056468245147e-01 3.510605552935267548e-01 1.317811719714853669e-01 5.647731420593931073e-01 3.321638749179471328e-01 2.917523927378020132e-01 6.210733096799014169e-02 2.833611450553479849e-01 4.952099738030436571e-01 -1.436321662728189119e-01
2.330892785189636884e-01 1.949797683364784262e-01 1.459535274166297580e-01 2.927181532321491142e-01 1.361910010783319858e-01 7.450390773616698548e-01 -9.082469976957523172e-02 8.697110695694717508e-01 1.210730480804106113e-01 -1.098056825284633026e-01
8.638391359721084850e-01 7.448727470953632190e-01 1.231904511748437958e+00 6.191398475082746655e-01 6.597761592470431369e-01 1.350372911362215822e+00 4.486620588780177443e-01 2.035219589891217873e-01 1.307227085728513150e-01 6.915886283991508343e-02
6.000075598347786032e-01 6.234022700594541444e-01 2.592444986418615191e-02 6.464068058273798600e-01 7.452696710849325834e-01 9.586327889709854722e-01 3.678000209977315138e-01 2.770875064973160051e-01 7.307026606039883632e-01 7.908340865796021912e-01
1.101892632765443386e-01 6.844508232615169607e-01 8.195472816986762443e-02 8.651078068312255398e-02 -5.691711699238482386e-02 -3.856224838470981298e-01 6.519327632100867520e-01 8.479162810105147496e-01 2.319312011748923541e-01 9.307627677636531871e-01
5.959421819858958663e-02 6.904505394019770925e-01 -2.442999086210420889e-01 6.750206839846728535e-01 7.896708932418304849e-01 1.911439479398244767e-01 2.965348677484841988e-01 7.197386980209994345e-01 4.206007937240509031e-01 4.010724775847676060e-01
7.232486508546236426e-01 2.501203906423733470e-01 5.629543752118885136e-01 5.236620241554588162e-01 2.420830581612997898e-02 5.416047889409125737e-01 3.243124229280917037e-01 8.783302110676390884e-01 2.470574314391371928e-01 8.169395849012611732e-01
5.867029751880532551e-01 6.078668218200925510e-01 1.110761634185127189e+00 1.695301586964790552e-01 8.553124019434085179e-01 1.120716665612736973e+00 6.597769425562416412e-01 4.874231321848201404e-01 2.163320807338555696e-01 -5.225755851365413568e-02
1.595209692967049508e-01 6.818742918627912486e-01 7.580592359630797805e-01 5.246020063407998979e-01 7.918465185357028702e-01 5.135391478813253752e-01 2.179225335478205128e-01 4.957932883226950360e-01 2.556439339979055814e-01 -4.431811860844717121e-01
2.567156066227617717e-01 4.511574064181556598e-01 3.455377118755680321e-01 5.470113633390784047e-01 1.499017932060133784e-01 -9.047627782688859310e-02 4.516449882616301315e-01 4.016035592197481630e-01 2.748163503572809696e-01 3.498939644675895244e-01
6.071779170296385088e-04 1.906500975602351267e-01 -3.540696931972492911e-01 6.267643021449246232e-01 -3.290705059151424316e-03 -2.155084287374811891e-01 5.643647909794217155e-01 7.364093917432255054e-01 4.142520989565964262e-01 6.158427789401802466e-01
8.351508961677220899e-01 4.650502261459600328e-01 2.995592575492498910e-01 1.610007017918101691e-01 5.782830139329251384e-01 2.958555946991515695e-01 7.449859756616561413e-01 8.476413344138608030e-01 4.520105848936534776e-01 3.537392321125452099e-01
6.247037604929474297e-02 5.036822551955100202e-02 3.299139060293171388e-01 6.030148620696035300e-01 3.950944513087416288e-02 5.922090744513299754e-01 8.210407704536595852e-02 8.929776279999596111e-01 4.685612394011955117e-02 9.571436496000164107e-01
8.366735242186543742e-01 5.916232002758248232e-01 2.484937786480480582e-01 8.201355144089841342e-01 8.689212800737845521e-01 2.400635016105602537e-01 2.509014747506351783e-01 8.529957924270461511e-01 6.856462174071485949e-01 2.761273524118116329e-01
3.566770724980745100e-01 -5.324030662636525940e-03 1.028129661322844779e+00 -4.440941797187496209e-02 6.772680345702681848e-01 4.173138399796081921e-01 -4.004980359934143808e-01 5.632789724491885641e-01 8.276822378844994610e-01 5.469277262307088439e-01
-7.969888615765668982e-02 2.242432926333579879e-01 5.938030400082063842e-01 1.464042804923735286e-01 4.274805486947738653e-01 5.294176408975194148e-01 8.283882736759338172e-01 3.399370889444198185e-01 9.090380266414997690e-02 4.708220811763239033e-01
1.022284967394158500e-01 5.754455108485767578e-01 -2.773930000265981688e-01 4.200814481850082688e-02 6.503256484560052675e-01 2.194822266173829528e-01 1.198109486277879832e+00 3.547096542650079454e-01 4.704026248113015590e-02 8.094409834255041070e-02
1.467770371890745329e-01 1.338028793299111396e-01 -4.575977931083707317e-01 6.344868465437710769e-01 7.563669248850282134e-01 -3.787415103812123429e-01 1.201623696469733993e+00 2.826200643088820907e-01 9.785153167372114824e-01 1.984719241784390908e-01
1.699067138959586554e-01 5.883138543694513833e-01 6.298215500430985880e-01 4.280819272943444664e-01 -7.646627189020147042e-02 7.697029047563980209e-01 2.817828938393843741e-01 2.493987349585871927e-01 7.426094795897396628e-01 4.855066421398576137e-01
8.604294091019608626e-01 1.595673615537773066e-02 6.167900309961596994e-01 6.268839426117700508e-01 6.704226069804295474e-01 8.724155879485746556e-01 -1.350052766078567446e-01 2.759866389048950541e-01 6.183120422699501795e-01 6.103531285906320658e-01
5.447150576018581214e-01 9.745638181083793317e-01 5.296016351150024670e-01 6.151286766965543551e-01 4.677781279531945113e-01 1.000695487287525109e+00 2.777417926709307983e-01 8.724889363621594063e-01 9.267429844861156951e-01 3.377400435606729423e-01
1.922929739955746564e-01 1.467514668523490495e-01 1.085390315362972369e-01 2.063701142305956193e-01 9.893370689058437195e-01 1.224351441348426328e-01 9.701211739319367533e-01 1.069871159346874601e+00 3.137225962938815504e-01 8.875250185200702635e-01
4.299910630061082317e-01 2.940586951005428329e-01 -1.902906395971652176e-01 3.149878371566976476e-01 2.806662159544073276e-01 4.650381128379094675e-01 7.217389208527208444e-01 7.236596856516107623e-01 7.307038171189480513e-01 5.099532634427127453e-01
5.891147425918867864e-01 5.312950985279798477e-01 6.705943184534530754e-01 1.459048981265109179e-01 -3.486263924750341442e-02 6.992898718195132979e-01 4.949668828202867243e-01 1.332621241252672784e-01 7.654694746337979971e-01 9.838014761063345048e-01
-1.577152655346518439e-01 5.825211070937330593e-01 5.185444121290574415e-01 4.114003785581963335e-01 4.390619178386878652e-01 9.415513371588158931e-01 2.421329341945427094e-01 4.947200883928885018e-01 4.108715083546985447e-01 2.812795484836912250e-03
5.041722129356476234e-01 5.063289577281611109e-01 5.352928627307340648e-01 4.765924633353875173e-01 1.210693822498365657e+00 6.114481423892157430e-01 2.384462801248069322e-02 6.996398644171225589e-01 6.898549149951714865e-01 -3.143599045225665134e-01
7.756712571280881541e-01 2.154172603700809097e-01 8.713194607856555862e-01 7.888600114307613431e-01 4.171559405008524180e-01 8.228418385071225583e-01 -2.586640852263111245e-02 8.984514560013863171e-01 3.259951148824395684e-02 2.133668772099444125e-02
3.595277870074329307e-01 4.291200179733220543e-01 7.464111955305485768e-01 5.781410006599042584e-01 4.876774096390016910e-01 7.993471311643368660e-01 6.209643047139279393e-01 7.807843075510277620e-02 2.501251456029077724e-01 1.429893520614472502e-01
3.099795258079159344e-01 5.806065618829440167e-01 -2.266080105026535285e-01 7.784568553884898545e-01 3.448876685147587717e-01 3.408954459216437249e-01 6.421320396127604413e-01 2.719485191582284855e-01 2.808517166931491782e-01 5.003717772058381419e-01
5.330762812216430779e-01 2.833496614266265978e-01 1.771195101435582009e-01 1.459462750715316837e-01 4.479454348209552239e-01 -2.350110597899772447e-01 1.304034427549005892e+00 9.289774941809927356e-01 3.893827880769193395e-01 1.497148960229869097e+00
2.399626226594075290e-02 5.261131837758447061e-01 4.007273010931363677e-01 7.133685976073493862e-01 -6.721631914644561612e-02 8.319315829210450763e-01 7.171852544475043612e-01 3.904387162953547041e-01 5.944548917218065442e-01 9.655232257354132708e-01
1.077554406535352838e+00 2.199763614502510400e-01 7.832724824250660856e-01 3.214460807865637815e-01 1.231572403066474530e+00 8.374167450749441244e-01 3.851379561380893213e-01 1.003193424216178409e+00 6.652541899884426013e-02 5.902017030155123911e-02
3.313809379510069819e-01 3.203316368232655420e-01 9.381706105534098894e-01 5.189845014512434185e-01 1.621158366685890029e-01 1.260828709339347986e+00 9.652758621556822849e-02 9.870598025362242733e-01 4.523399334794683257e-01 6.375880949933722119e-01
2.192528913882839103e-01 3.775579423883980712e-01 -1.684975561343516059e-01 5.571583044006351848e-01 9.450774165872513621e-02 -1.649969305280635581e-02 4.613257471579542135e-01 4.547062215515066397e-01 3.176789511271542188e-01 1.225360464655208537e+00
9.505570620335956900e-01 9.938871349149870360e-01 3.849405536461031896e-01 1.096862899240204303e+00 2.367549926612568245e-01 -3.276720473047906035e-02 1.210851364935726426e+00 7.598374054076341144e-01 1.055765039081404177e+00 6.465397705795727923e-01
1.648497670051080610e-01 6.428319536588203986e-01 8.397997775675842824e-01 -1.696853762728119108e-02 1.543939554908566880e-01 2.894010776234262616e-01 3.993346069038135049e-01 2.231834579267525931e-01 2.811008453568027976e-01 7.471179648684627139e-01
6.609976235192736027e-01 1.273688617345103691e-01 8.576466384573374624e-01 -8.107651801942770964e-02 2.703593116231933768e-01 8.743131805889738928e-01 2.227450951466220519e-01 4.686169904416789267e-01 7.757450931620580858e-01 8.497112081633751979e-01
9.107661266199227335e-01 3.238614770682779476e-01 3.865134788850380643e-01 5.593714770218211063e-01 8.124392206855777232e-01 1.065377773597930428e-01 3.411199858491552606e-01 7.497183781420277970e-01 5.646060606056102493e-01 -4.086317873344817719e-02
7.822753828579317448e-01 7.622841707263439126e-01 3.778665470216698297e-01 1.065103588407225882e-01 2.663465821413006918e-01 6.900224816300009056e-01 4.915369641124579525e-01 7.975022825229819423e-01 7.542324797502505396e-01 6.236131214264399869e-01
4.230955398978901161e-01 6.968523083074971980e-02 8.808111611796841656e-01 9.110644947026126650e-02 5.800616556814779390e-01 1.104367856330873643e+00 5.101149339567229157e-01 4.477661097311234073e-01 1.531979930185310528e-02 4.352772965316577536e-01
9.716063832090936214e-02 8.652438109907180097e-01 1.783885561833675748e-01 4.225946042453747054e-01 6.058877026647628838e-01 -5.677254787548067366e-02 8.678724383799140130e-01 6.578031545573844729e-01 2.361363208996426211e-01 6.743926376695333902e-01
8.055477219395229538e-01 7.770576707006043859e-01 2.475586251370517354e-01 1.242139482295740449e-01 1.882159339701128808e-01 1.807276070367350440e-01 1.007528242904043303e+00 2.411914879894211938e-01 9.514339274721934636e-01 1.104185093326146339e+00
3.670844728925166250e-02 8.140459670850900276e-01 9.896606333096085173e-01 3.781899839652415607e-01 5.609446471020675951e-01 7.186278239608234752e-01 8.374402443824331410e-01 1.522746219150339364e-01 8.435218062806763006e-01 9.419228309214000561e-01
4.225637162004986513e-01 4.209476303264084174e-01 1.129602025087673711e+00 2.919358370207347231e-01 1.056614042883848192e+00 3.013379826339406820e-01 1.250663770961678856e-01 3.392075427937226717e-01 4.937766978178719235e-01 -4.118802640031220541e-01
6.744973475271905938e-01 3.270861664066597729e-01 9.519456510203625488e-01 5.694938147158712383e-02 7.403851621851577081e-01 9.341359126791664025e-01 6.141920703892829181e-01 1.906039397726517481e-01 2.002356480639833625e-01 2.723151250632867629e-02
-6.565295233376791662e-02 6.238276511120178780e-01 -1.166724488417733990e-01 2.432014668673307123e-01 2.551114653889016703e-01 1.567811480532170787e-01 3.238904001564623658e-01 4.934065320965196899e-01 3.951983310127527016e-01 7.265617347039063922e-01
6.341924666839796609e-01 2.277629977750139090e-01 3.163866032194341815e-01 6.121186140266299258e-01 4.194673097461722455e-01 -2.017872445146491056e-01 2.412573336056172413e-01 8.163033821651545230e-01 6.459961438691739222e-01 2.455516217258819078e-01
2.831297159834302371e-02 4.184031286355149870e-01 4.658537470340836095e-01 4.551312567932851993e-01 3.907164214251195727e-02 5.505619028276728111e-01 1.060135568127314354e+00 3.858243600120219163e-01 6.559986614838192454e-01 9.298344002090447313e-01
4.344516027730814522e-02 2.181337205498152521e-01 -4.384999383799585704e-02 5.242353109597497340e-01 6.078118122462747852e-01 8.246385893260730349e-01 2.667557473873716223e-01 7.945162716527671698e-01 -6.413390041512657958e-02 3.401949004418757805e-01
1.064236091794096062e+00 8.457945950729133244e-01 -2.897196686159309031e-01 6.843451255290788904e-01 8.082713422724081553e-01 3.479143998796084825e-01 -1.095489264339528090e-01 5.634757473860035892e-01 6.046467879296195669e-01 -3.136622007252767852e-01
1.703227903661772846e-01 8.056351571846699366e-01 -2.276378289549485512e-01 2.998593855682165632e-01 9.819176460322766031e-01 -2.353105560796977039e-02 3.669802129142194502e-01 6.809700242238522216e-01 -1.759264281932516882e-02 2.081356768479825092e-01
6.476101839942448313e-02 4.462723364568672579e-01 8.957391102706642183e-01 7.017569937057596130e-01 6.636918948113456063e-01 3.446787945678435050e-01 7.304116682746353284e-01 2.373957438566247011e-02 6.344743597538267110e-01 3.591421195113267961e-01
6.929070094949338898e-01 1.709460785364357305e-01 5.863090837806600453e-01 1.165406768514924751e+00 8.104997722366300561e-01 4.333534958408885585e-01 4.527273325635677304e-01 7.320894353487092943e-01 7.589227846165977898e-01 6.346621708872124401e-01
6.205814366196807930e-01 4.057386932114635802e-02 7.627026820743630642e-02 8.196891147400339195e-01 2.253033384861134192e-01 3.330564976017484913e-01 3.330586653175147127e-01 2.403602019253988642e-01 9.146386712213594450e-01 1.033692933136763692e+00
4.673581754745395611e-01 8.042823387984969763e-01 5.211636243834003590e-01 5.172791370651786957e-01 6.019311303649121925e-01 8.474267746079237051e-01 9.893913499332550598e-01 1.648239322981042559e-02 8.291833459745323598e-01 1.308406675394193641e+00
4.027613891241564326e-01 7.888366491145698545e-01 1.396476326691534764e-01 4.299830331685832174e-01 1.088398319747744925e+00 7.603655917628543426e-01 1.557756771884010738e-01 8.769642710420026965e-01 9.456069718126540735e-01 2.277549208135807857e-01
5.834770378697143878e-01 9.360343013275863600e-01 7.912607170860910255e-01 1.652115879045172042e-01 -1.519854809961401765e-01 4.020032480760943883e-01 5.588753693806933903e-02 4.760236649578136747e-01 2.583663168599500959e-01 4.035897537988534789e-01
2.147197144300985183e-01 1.251205050511790540e-01 -2.464214470746718677e-02 4.388688829758468635e-01 3.644216358434291259e-01 5.473053682643106432e-01 5.327227326504881955e-01 1.218910088198503633e-01 9.161476346978916774e-02 6.978045323479877826e-01
5.773241481222456395e-01 5.200730865918189449e-01 5.895980149246030644e-01 2.246025559695023488e-01 4.750409628103192672e-01 5.807084450056299030e-01 9.269424657816350832e-01 9.224544496395334914e-01 7.737615959066916904e-01 2.233138044494603278e-02
2.267633571659302336e-02 2.212232070318725929e-01 6.819410116194960514e-01 5.192772316536244936e-01 6.516393740123654910e-01 2.115942693036424460e-01 6.777125615092601807e-01 8.582653903464626532e-01 4.866283245912881306e-01 9.760286315355718445e-01
1.290050012823315273e-01 1.129296317132025551e-01 2.435587319285846819e-01 2.815669031984226467e-01 8.971265646060931909e-01 -1.922640968344592471e-02 6.064389009549508991e-01 7.632354358056393506e-01 2.019632678588562102e-01 4.517944774561409860e-01
4.690702003415791466e-01 8.113748642325797622e-01 9.440420293435723698e-02 4.772583325280272959e-01 2.628238822489875059e-01 -3.374237710125394234e-03 -4.968846942486977031e-02 3.006544758206722845e-01 5.725866529290705165e-01 2.854566000922689750e-01
4.736379906850989308e-01 4.010359723393972509e-01 1.372985429033418562e-04 6.651042463526025683e-01 8.701277729498039237e-01 -1.057401788854150648e-01 4.606796166822145766e-01 4.148530843113610311e-01 6.708931158404577433e-01 7.026337113495040310e-01
7.461944205669033270e-01 -1.545161673298894311e-01 8.905689386350185144e-01 -1.157774249839627900e-01 6.229727039868794281e-01 7.740588221861617324e-01 2.220106524248214586e-01 1.057639228741049514e-01 7.379155399791131886e-01 3.051027165708186661e-01
5.422515266437716308e-01 2.776732330644799962e-01 2.030640877166665081e-01 5.605428884939129830e-01 7.276770748292697710e-02 9.439241962001385655e-01 5.776221510632539857e-01 3.182685098608432628e-01 6.256270676106576722e-01 1.081158256737899392e-01
8.744735102490970302e-01 2.411753699936869388e-01 9.940505621252939683e-01 4.342462713385566997e-01 4.334248409781719658e-01 6.822423579530524362e-01 -2.020798146900771031e-01 6.800227654483342876e-01 3.066303941788366405e-01 1.064430391663403891e-01
4.255489979452491411e-01 7.676081163389130158e-01 2.610517456404297665e-01 2.427816998558534611e-01 5.070695777219925704e-01 7.604947733834904744e-01 1.080568845079026730e+00 9.075365809467293987e-01 3.608440628760372637e-01 7.514902136112987519e-01
3.052453374173959011e-01 6.454802829488331950e-01 -6.766920729476745555e-02 8.329465562788130883e-01 1.351220114451406606e-01 2.268798348291835021e-01 4.472605989411034266e-01 7.605888695498954633e-01 3.296290567687043538e-01 7.639409078485605020e-01
4.403698941664262873e-02 -1.087047420450686086e-01 7.353819636650070768e-01 4.641566571185978263e-01 5.671326823010425233e-01 1.782490605340171785e-01 3.386190106666980282e-01 2.847250092849180070e-01 2.254426944598059424e-01 8.043768488179845466e-01
5.170774615162726517e-01 2.791410153235268643e-01 8.609802189671281747e-01 3.159475705112130273e-01 2.995067921603684069e-01 6.153919474589228944e-01 2.049169945259500247e-01 6.809807413629829220e-01 5.158141933631192888e-01 3.098116562973956406e-02
3.062752665019277121e-01 9.308302063556445072e-01 2.382560608463128449e-01 -1.075173468901073105e-02 8.195613917523970615e-01 3.254340486657603670e-01 8.192034385681754571e-01 7.080211862453678062e-01 3.671015057821624961e-01 5.904471373700125314e-01
3.426283096591340449e-01 7.318238449629915765e-01 6.919449375429265192e-01 2.674896147722936046e-01 -1.356025027028372743e-01 6.389548027456883883e-01 6.107068074004442515e-01 6.009848946907211387e-01 8.576368937654866853e-01 6.677509638472507447e-01
8.754973561190652065e-01 5.997896126525686933e-01 -2.957644147617632946e-01 9.079808372922112403e-01 6.177393207908825623e-01 7.113866196074956072e-01 1.369465011792178333e-01 3.138197784697021597e-01 1.889490255555356657e-01 5.690398042709235993e-01
9.748128626957068832e-01 1.022130139582277941e+00 5.588302909724434109e-01 4.572360405352977608e-01 5.190172115186244550e-01 9.006595126651735506e-02 7.543714298338495272e-01 6.487867425513318409e-01 9.133674974871284213e-01 7.619553793123149017e-03
7.748880921572715019e-01 3.959051138870725017e-01 3.513265049673696128e-01 1.642609166236809193e-01 9.782171276281067529e-01 4.038045102264702368e-01 2.581049003349185633e-01 1.850066522314739448e-01 3.509211220814182491e-02 4.371589141488616687e-02
7.919043256157367594e-01 7.896423571924310325e-01 4.538804126651758142e-01 4.267164049883366284e-01 1.078316295566391671e-02 6.470066823782806564e-02 3.528151490477882124e-01 3.335178534313135157e-01 7.163510049458106099e-01 9.768362978582171285e-01
3.204038310822106550e-01 2.585248360109984045e-01 9.844461167831241033e-01 4.880892631986591401e-01 6.449351670303993256e-01 8.727689187295938344e-01 5.763109331797355850e-01 -4.946963284537676114e-02 4.342684636279449673e-01 2.114109414701107470e-01
1.574776450076811329e-01 4.745321408720190592e-01 1.181520850897154862e+00 1.923133036951914787e-01 8.044414453411383725e-01 5.142572877034136125e-01 5.954671662051301828e-01 5.399594855803602211e-01 1.856945127079445979e-01 1.684776652575621647e-01
7.545241649213706436e-01 4.549088600145752281e-02 2.289917975593210031e-01 8.931674452211003645e-01 5.582047286795162044e-01 4.747518650566762699e-01 1.034613309900410671e+00 2.085746888467183979e-01 2.048341775282884192e-01 7.201270483578318116e-01
8.991572843944172222e-01 7.847778701257085432e-01 -2.844047167984276592e-01 7.049214110223032126e-01 1.935955664194645154e-01 -4.018859531181409595e-01 1.277556179272005155e+00 7.914688164756557009e-01 1.054086348365266934e+00 8.495151750891681841e-01
9.698046910437354562e-01 3.838193530109814677e-01 4.807762693825556183e-03 1.937108384479430956e-01 -1.392784792601050314e-01 9.672893172420329311e-01 2.182877316634172227e-01 8.887495688679901695e-01 4.716720725660267788e-01 8.619610907269578126e-01
1.322351519731581049e-01 4.885642115701428478e-01 1.447960951899597726e+00 5.097070855469215678e-01 5.534524811057683902e-01 8.562587386375480891e-01 4.269146068815668493e-01 2.327929049273646731e-02 4.666005090110771913e-01 -3.301009825346153392e-01
8.130751653395836831e-01 3.467546357063847617e-01 7.918925141978422344e-01 8.404159985163215385e-01 2.249157496233751274e-01 8.760095728662060655e-01 6.937087846241046796e-01 7.420547790362737317e-02 5.908179969401943232e-01 5.149760213696413791e-01
-1.604491959362016607e-01 4.544342784910754829e-01 3.670608495601135335e-02 2.170325714615288504e-02 8.524270260105070163e-01 7.571206688352067893e-01 1.052246041920305908e+00 6.027180545006337598e-01 6.676549214101484830e-01 2.771287210398734047e-01
6.263771587494681992e-01 9.777067481182338815e-02 4.055491037363286866e-01 1.020774237954505725e+00 3.076995247204499795e-01 -3.614836369422245732e-01 1.136284951531901614e-02 1.337277508681181393e-01 4.980787181880468317e-01 3.020613939914215118e-01
6.998643418012515660e-01 5.107490097510462013e-01 8.971313333107600041e-02 2.779802404745627675e-01 3.033322031425007004e-01 -2.068576333675871681e-01 -1.724926553481735680e-01 5.871875248135856040e-01 4.281363822071169167e-01 4.081231308174996797e-01
7.313388314966481341e-01 3.962890189657491957e-01 -8.234396828327486539e-02 2.538845265841443433e-01 1.562268041263864260e-01 -3.118914092652656511e-01 3.618973992370490000e-01 1.550123147047084149e-01 1.600911169078099716e-01 3.045178756597853309e-01
7.496431476319659337e-01 1.799335997364740758e-01 3.776543813639299807e-01 7.043377455065374937e-01 5.701729588567268081e-01 4.957925051935749838e-01 3.805633151112898238e-01 2.562374809702277489e-01 1.535888857036873112e-01 9.797030132853034035e-01
-1.182007100229901797e-01 -1.760540971289469014e-02 3.970152169542326415e-01 6.471874305353657597e-01 1.170998141427908104e-02 8.456358377093400325e-01 2.849087428407151013e-01 1.749160471055596355e-01 7.058491455172895002e-01 2.112268545290807154e-01
2.839954584194763210e-01 4.610700266154359461e-01 2.309388989677105264e-01 5.239273849744560119e-01 1.075590814130780837e+00 1.406592580047655305e-01 4.057100123730326691e-01 4.561552713575081630e-01 8.413533753165944318e-02 -2.077683396294138507e-01
9.545607383332673779e-01 7.216072177901965423e-01 5.175913352664546219e-01 2.097775080296166161e-01 8.669711540079014789e-01 -3.290015504768194488e-01 4.431164562207752788e-01 2.858690472197662480e-01 5.102973799675942779e-01 3.959852423580390579e-01
1.985218045845696042e-02 2.262185102795345459e-01 -2.979431831165382238e-01 2.145851987676633543e-01 -1.900237514711379874e-02 -3.443573977507491390e-01 1.249196942243594233e+00 1.174402881976031737e-01 4.289009550372520629e-01 3.252640235420984349e-01
4.143893116818569422e-01 6.843086518358753034e-01 2.174300865085062873e-01 1.596264660458217299e-01 4.811013725905621263e-01 6.410803773855079379e-01 6.303352959351895546e-01 6.307959934817933823e-01 3.327532245324025251e-01 -9.555300103746491858e-02
8.052628418176757119e-01 5.582413710124932704e-01 1.164958820839064435e+00 2.672729266471172149e-01 8.701447516918412450e-01 6.496403267015663507e-01 9.396481913856032098e-02 3.795230181620111720e-01 7.661037883037292717e-01 -6.206734981862713774e-01
6.018563518910559074e-01 3.049829217838742612e-01 8.144316791295025393e-01 -8.692801312293867155e-02 3.272054124775828909e-01 5.549544542641197120e-01 2.149939035480768201e-01 9.337508968106286722e-02 3.139867984630139719e-01 -1.470836946321635030e-01
5.555818813050830141e-01 9.855841559650605488e-01 6.256837002767794420e-01 2.527218749964889599e-01 1.398968296172484194e-01 3.801417134432815703e-01 4.363873269810005229e-01 2.594826408983729737e-01 7.064615429290910242e-01 7.282621332203832454e-01
9.207195953782247588e-02 7.586255631123117738e-01 -2.720973668525500377e-01 8.787105337648343228e-01 8.948670936613929427e-01 2.592769890309928327e-01 5.092752831839242322e-01 3.068485618385284330e-01 5.630277155885090590e-01 6.523242898649155297e-01
8.569889219737629737e-01 3.441503349490032115e-01 -1.232261007022613930e-01 1.004310589073987181e+00 4.570337694137978080e-01 -2.380238219774888919e-01 9.524740172453155518e-02 6.686697927574282163e-01 2.919773062449850798e-01 -1.920384429261918491e-01
1.894978176009722293e-01 3.768691462676690973e-01 3.064779872742565137e-01 7.672342549682518165e-01 9.343350451407815907e-03 3.277937976931700748e-01 5.167259759547897513e-01 7.064697533894455095e-01 2.757174608237057400e-01 8.466665216386879411e-01
4.144466704633463228e-01 3.427233216541168415e-01 3.865916059602638732e-01 6.358021759093511749e-01 7.383262241727307496e-01 4.021456288951221203e-01 3.286739185466892588e-01 5.235782511589623933e-01 6.037563569831080890e-02 7.656979939643149269e-01
6.177241905263977095e-01 1.007168267582371657e+00 4.552234466495508891e-01 5.973137465548312708e-01 8.041507017825878512e-01 2.445253042868976989e-01 -1.143463857515669702e-01 5.023319341625160916e-01 1.050907657299328113e+00 4.678678675399643681e-03
8.100073436660255588e-01 1.074863600350416615e+00 7.344798148233625534e-01 9.858746492005342477e-01 1.166766242754792016e+00 -5.557612444841937560e-02 2.266304536295333516e-01 7.014606782543999497e-01 1.007229513427836842e+00 -2.417454417591933802e-01
3.828823600971276164e-01 1.084805644465790531e+00 5.781140008221758997e-01 3.812543295864352921e-01 4.713654128873205895e-01 3.104955407644927612e-01 1.036825228041695413e+00 1.000213405506908515e+00 5.595361162069849570e-01 3.723858267233807195e-01
6.660372999497559121e-01 9.800253646413500386e-01 1.793447734876991162e-01 8.256272324731906975e-01 2.262199642477326078e-01 -3.110621314700365292e-01 1.206029486651726490e+00 2.825067587344951003e-02 7.859664969737054641e-01 1.005521622832582285e+00
6.625898147720239439e-01 9.584369654024679219e-01 -3.005592784936265624e-02 1.090781209013524933e+00 -3.392764363196389826e-02 2.791922805733919599e-01 5.638063570413793801e-01 4.989555058624578487e-01 2.994096890845928671e-01 -1.681754692081886826e-01
8.477312952718180084e-01 9.490125199203205408e-01 2.831864072271964572e-01 7.734541633328833043e-01 4.936256373705615319e-01 -5.203217635633588384e-02 1.363545983442617238e-01 5.776134549640170590e-01 8.285007301721787343e-01 3.409142471773020378e-02
1.841417996372599897e-01 1.070931022349923961e-01 6.298378380780944585e-02 5.871240184734379808e-01 2.118198684724241221e-01 6.142011952612086434e-01 2.479842741788367000e-01 4.496437224026297308e-01 3.390320223056099147e-01 -2.342449763983658062e-01
-1.202053362976621825e-01 6.747514812888376623e-01 2.208677037668958787e-02 5.025018897650037619e-01 1.334334169905288525e-01 2.509912200399772586e-01 7.011565884810542527e-03 9.428394534365448498e-01 6.404319101287017091e-01 4.844610167425050240e-01
5.064264796066452190e-01 7.009546968228247410e-01 5.956143375884628832e-02 6.787654017352826585e-01 6.463215200638483537e-01 -1.676890974308142268e-01 1.786882758494703349e-01 9.326899096708325398e-01 1.000297913880553446e+00 2.464250886633363169e-01
3.487408037444293951e-01 4.220119553279719771e-01 6.555336322152928163e-01 7.819279086951396174e-01 6.176340603414268715e-01 -1.330802677442477489e-01 1.064658524467318179e-01 1.877670058331115666e-01 2.880460382733107672e-01 -9.454657174400249442e-02
